
diabetic =

         11.50
         12.10
         16.10
         17.80
         24.00
         28.80
         33.90
         40.70
         51.30
         56.20
         61.70
         69.20


normal =

          4.10
          6.30
          7.80
          8.50
          8.90
         10.40
         11.50
         12.00
         13.80
         17.60
         24.30
         37.20
