
tibetan =

        190.50        152.50        145.00         73.50        136.50
        172.50        132.00        125.50         63.00        121.00
        167.00        130.00        125.50         69.50        119.50
        169.50        150.50        133.50         64.50        128.00
        175.00        138.50        126.00         77.50        135.50
        177.50        142.50        142.50         71.50        131.00
        179.50        142.50        127.50         70.50        134.50
        179.50        138.00        133.50         73.50        132.50
        173.50        135.50        130.50         70.00        133.50
        162.50        139.00        131.00         62.00        126.00
        178.50        135.00        136.00         71.00        124.00
        171.50        148.50        132.50         65.00        146.50
        180.50        139.00        132.00         74.50        134.50
        183.00        149.00        121.50         76.50        142.00
        169.50        130.00        131.00         68.00        119.00
        172.00        140.00        136.00         70.50        133.50
        170.00        126.50        134.50         66.00        118.50
        182.50        136.00        138.50         76.00        134.00
        179.50        135.00        128.50         74.00        132.00
        191.00        140.50        140.50         72.50        131.50
        184.50        141.50        134.50         76.50        141.50
        181.00        142.00        132.50         79.00        136.50
        173.50        136.50        126.00         71.50        136.50
        188.50        130.00        143.00         79.50        136.00
        175.00        153.00        130.00         76.50        142.00
        196.00        142.50        123.50         76.00        134.00
        200.00        139.50        143.50         82.50        146.00
        185.00        134.50        140.00         81.50        137.00
        174.50        143.50        132.50         74.00        136.50
        195.50        144.00        138.50         78.50        144.00
        197.00        131.50        135.00         80.50        139.00
        182.50        131.00        135.00         68.50        136.00